
# Please make this file available to others
# by sending it to <lirc@bartelmus.de>
#
# this config file was automatically generated
# using lirc-0.9.0-pre1(default) on Thu Sep 25 00:52:48 2014
#
# contributed by 
#
# brand:                       DVT-3025EU
# model no. of remote control: 
# devices being controlled by this remote:
#

begin remote

  name  DVT-3025EU
  flags RAW_CODES|CONST_LENGTH
  eps            30
  aeps          100

  gap          108064

      begin raw_codes

          name KEY_POWER
             3603    1788     572    1123     563    1188
              491    1167     521    1114     565     551
              571     549     574    1120     564     548
              575    1111     572    1107     577     569
              557     551     571     547     573     554
              569    1105     578     548     620     506
              621    1065     616    1060     625    1064
              615     521     601     510     612    1075
              606     526    3687    1740     624    1061
              651    1029     661    1028     640    1042
              590     559     568     598     523     600
              519     603     473     650     519     611
              509     608     515     606     517    1147
              491    1179     504    1180     503    1180
              503

          name KEY_OK
             3453    1994     375    1308     374    1323
              360    1305     377    1272     411     736
              387     736     385    1333     351     765
              360    1301     380    1297     386     759
              368     706     410     740     383     733
              390    1308     373     733     387     739
              383    1300     388    1297     386    1299
              382     734     388     737     386    1294
              388     709    3489    1988     384     709
              457     687     391    1300     380    1271
              412     733     389    1290     396     732
              391     729     392    1278     403    1293
              389     734     388     677     449    1292
              387     735     389    1295     388    1305
              376

          name KEY_CHANNELUP
             3676    1767     618    1050     622    1060
              625    1055     625    1061     623     502
              624     503     619    1071     609     501
              619    1060     624    1054     630     507
              609     508     627     497     621     502
              640    1041     620     500     622     501
              617    1069     617    1055     628    1079
              610     499     619     514     610    1058
              622     495    3645    1806     621     497
              635    1045     626    1063     624    1054
              625     500     623    1082     602     504
              618     497     585    1103     569     551
              571     551     570     545     578    1113
              571     582     544    1126     558    1123
              551

          name KEY_CHANNELDOWN
             3531    1861     500    1188     499    1233
              448    1231     449    1184     500     622
              502     619     501    1227     455     623
              500    1181     502    1230     456     673
              447     621     515     609     500     623
              499    1180     503     624     498     620
              502    1176     505    1184     499    1192
              492     620     504     622     503    1173
              504     623    3613    1840     492    1179
              510    1181     500    1178     505    1173
              504     622     501    1190     492     621
              502     621     505     620     502     617
              500     623     501     621     502    1178
              505     639     484    1181     500    1178
              506

          name KEY_LEFT
             3642    1800     566    1110     573    1118
              570    1106     571    1118     565     594
              542     539     570    1114     569     555
              566    1109     575    1118     565     550
              573     549     573     566     556     551
              572    1109     573     592     529     575
              544    1120     565    1159     525    1127
              568     544     574     538     577    1164
              517     606    3587    1866     604    1067
              611     529     495     557     542    1193
              487     638     487    1217     465     651
              472     662     458     671     452    1231
              450    1262     425     727     391    1294
              391     754     368    1309     373    1336
              346

          name KEY_RIGHT
             3089    2075     280    1370     313    1423
              258    1479     204    1455     229     806
              318     804     316    1372     311     807
              315    1373     309    1390     294     812
              313     806     313     762     361     779
              344    1377     329     794     307     803
              320    1363     320    1376     306    1431
              252     757     364     808     313    1425
              260     810    3409    2041     309     809
              309     762     360     759     364    1322
              360     822     302    1372     309     857
              265     870     255    1375     305    1379
              305    1372     309     825     296    1382
              303     806     317    1366     316    1425
              258

          name KEY_UP
             3702    1757     524    1110     572    1111
              547    1182     524    1157     527     557
              665     503     616    1066     614     519
              605    1065     619    1062     622     456
              664     510     611     504     620     508
              613    1065     631     450     662     507
              619    1064     615    1065     617    1063
              621     503     615     509     615    1079
              607     501    3583    1859     621    1062
              621    1076     607     449     679    1015
              664     499     619    1065     620     504
              616     506     616     506     619     506
              517    1164     619     503     618    1063
              621     504     619    1068     613    1025
              684

          name KEY_DOWN
             3671    1727     546    1143     540    1179
              507    1153     530    1173     517     608
              501     622     500    1180     503     620
              504    1179     503    1180     503     623
              504     633     490     618     498     622
              501    1180     502     621     501     623
              500    1179     503    1180     502    1182
              503     619     501     623     503    1182
              502     618    3631    1811     503    1180
              502     620     503    1183     505     619
              502     624     495    1193     491     620
              501     619     505     618     501    1181
              508     617     506    1174     503    1192
              490     620     502    1122     563    1178
              503

          name KEY_EXIT
             3502    1995     361    1297     383    1311
              372    1311     371    1302     383     752
              371     754     368    1310     373     781
              341    1313     369    1307     375     768
              354     820     303     756     365     754
              370    1320     363     754     368     770
              351    1313     370    1335     348    1355
              329     776     346     753     370    1314
              367     806    3402    2039     323     803
              316    1370     313    1368     314    1365
              321     805     315     767     357     802
              318     810     314    1377     307     784
              334     809     315     801     323    1374
              308    1333     350    1372     311    1374
              309

          name KEY_BACK
             3551    1872     457    1262     416    1228
              456    1253     428    1233     450     676
              447     671     456    1235     449     689
              433    1158     527    1219     455     668
              452     667     458     674     450     664
              456    1232     451     671     472     650
              454    1249     431    1229     454    1237
              446     667     452     672     461    1220
              458     667    3572    1871     455    1224
              470    1139     531     670     452    1230
              453     668     454     688     444     661
              458     692     429     669     486     636
              452    1257     423     671     450    1169
              515    1232     451    1235     448    1270
              416

          name KEY_VOLUMEUP
             3684    1750     599    1082     557    1125
              557    1134     558    1118     604     518
              601     522     557    1124     605     517
              599    1089     553    1122     579     551
              554     578     586     521     603     520
              608    1083     595     519     558     576
              548    1126     609    1070     605    1081
              602     517     605     523     560    1127
              610     510    3625    1810     558    1134
              591     527     556    1125     597    1083
              605     520     559     566     556     590
              571     527     556     564     601    1080
              560     562     558     564     562    1122
              559    1127     600    1084     558    1119
              599

          name KEY_VOLUMEDOWN
             3554    1947     422    1226     456    1225
              457    1230     453    1223     460     672
              454     687     432    1231     451     695
              430    1232     451    1229     452     670
              451     693     431     713     409     674
              447    1255     428     699     423     703
              422    1247     435    1231     451    1250
              435     692     426     670     453    1233
              449     678    3520    1931     441    1261
              421     703     418    1257     426    1227
              455     697     424    1261     426     693
              427     696     425     699     424    1259
              424     673     450     702     420    1252
              431     701     421    1229     453    1254
              429

          name KEY_0
             3541    1814     511    1245     436    1219
              464    1249     435    1234     449     660
              460     679     444    1247     435     669
              455    1221     460    1217     466     662
              461     671     454     662     458     667
              455    1230     455     660     460     669
              454    1226     456    1216     469    1249
              442     655     457     666     456    1235
              448     665    3535    1931     436    1250
              433    1229     451     692     431     670
              452    1261     424     675     447     669
              465     653     456     698     423     669
              455    1251     431    1253     429     674
              451    1260     422    1253     428    1258
              425

          name KEY_1
             3628    1853     655    1014     622    1068
              617    1060     622    1020     661     498
              630     500     626    1069     604     499
              622    1064     618    1018     667     453
              567     528     695     450     671     466
              654    1075     618     459     671     490
              617    1060     627    1059     621    1061
              623     453     668     499     622    1015
              669     459    3643    1798     566    1118
              661     501     623     452     573     598
              523     601     523    1166     525     599
              520     597     528     571     548    1157
              525    1130     551    1139     542    1158
              531     557     564    1157     520    1159
              524

          name KEY_2
             3667    1744     625    1066     620    1072
              606    1056     625    1056     627     503
              618     494     631    1048     636     494
              625    1082     601    1057     629     491
              628     496     622     502     626     503
              621    1058     625     498     630     489
              624    1057     628    1066     611    1062
              623     495     666     457     666    1016
              670     479    3668    1804     566    1061
              624    1076     608     508     619     505
              612     510     610    1067     614     501
              620     508     575     549     578     546
              620    1081     555    1104     578    1104
              580     544     579    1102     579    1109
              573

          name KEY_3
             3642    1843     552    1128     523    1117
              566    1114     567    1110     594     538
              564     596     527    1115     569     602
              520    1158     523    1105     674     454
              571     611     513     548     574     548
              575    1117     569     603     519     599
              525    1121     558    1156     536    1099
              572     555     567     561     562    1110
              572     540    3659    1846     522     598
              522    1115     569     552     571     553
              569     597     526    1162     630     436
              574     601     621    1019     572     556
              561    1113     667    1061     625    1056
              626     447     674    1025     657    1065
              625

          name KEY_4
             3729    1715     635    1040     641    1043
              640    1041     644    1041     678     447
              646     480     635    1038     642     481
              641    1042     642    1040     641     482
              642     497     626     484     641     478
              645    1037     642     479     641     482
              640    1043     641    1043     652    1026
              645     481     640     482     641    1043
              640     481    3733    1716     638    1039
              642     481     641    1043     638    1047
              638    1041     652     476     640     494
              630     478     643     482     640    1042
              635     482     641     482     640     482
              645    1048     633    1043     636    1043
              641

          name KEY_5
             3674    1755     590    1092     590    1122
              561    1115     566    1056     630     551
              574     552     509    1170     568     556
              508    1187     586    1091     500     614
              509     616     504     594     536     617
              502    1187     499     609     507     615
              507    1179     503    1178     504    1183
              461     635     525     601     521    1197
              488     625    3641    1793     469     634
              524    1189     455    1228     459    1220
              459    1228     458     664     462     584
              532     663     460    1223     459     699
              424     578     544     667     454     666
              458    1227     454    1165     523    1231
              447

          name KEY_6
             3710    1733     634    1043     638    1043
              639    1044     616    1066     644     480
              650     496     620    1050     629     482
              636    1045     640    1040     642     482
              640     483     641     486     639     483
              641    1040     641     480     637     485
              640    1043     639    1043     641    1043
              639     483     638     482     642    1042
              641     483    3719    1726     638    1043
              641    1041     640    1042     642    1041
              673    1011     640     482     644     544
              579     482     637     483     647     474
              640     481     639     483     641     482
              641    1046     637    1060     624    1040
              640

          name KEY_7
             3647    1808     560    1114     569    1139
              545    1154     537    1149     524     548
              573     562     560    1111     574     553
              579    1110     565    1162     518     546
              578     571     549     555     569     571
              554    1153     583     493     638     488
              573    1185     550    1067     613    1060
              628     498     624     541     578    1055
              628     497    3703    1752     612     544
              580     495     633     509     611     491
              629     494     631    1057     627     541
              577     500     624    1062     619    1061
              618    1054     638    1056     620    1065
              618     518     608    1058     616    1057
              623

          name KEY_8
             3679    1751     617    1072     613    1062
              619    1063     617    1066     620     503
              614     511     616    1079     603     505
              617    1065     616    1070     615     506
              613     508     616     507     622     508
              622    1052     617     505     618     504
              621    1062     620    1062     619    1066
              617     505     617     510     624    1074
              604     501    3699    1741     620    1060
              623     501     620     508     617     506
              616    1061     618     506     619     502
              619     503     623     515     605    1062
              621    1060     622    1063     620     529
              595    1062     622    1066     629    1048
              619

          name KEY_9
             3694    1750     600    1068     613    1082
              594    1080     600    1110     532     560
              564     569     596    1084     595     520
              559    1123     560    1133     594     517
              615     506     612     513     563     565
              587    1096     584     534     589     533
              588    1094     591    1094     590    1092
              591     530     615     507     638    1045
              637     486    3710    1742     609     504
              616    1065     641     483     639     484
              635    1052     635     485     638     482
              639     481     646    1047     619     500
              642    1043     638    1037     641     483
              615    1065     646    1047     641    1037
              637

      end raw_codes

end remote
