
# Please make this file available to others
# by sending it to <lirc@bartelmus.de>
#
# this config file was automatically generated
# using lirc-0.9.0-pre1(default) on Tue Sep  2 23:37:52 2014
#
# contributed by 
#
# brand:                       xiaomi
# model no. of remote control: 
# devices being controlled by this remote:
#

begin remote

  name  xiaomi
  flags RAW_CODES|CONST_LENGTH
  eps            30
  aeps          100

  gap          59705

      begin raw_codes

          name KEY_POWER
             1061     524     648     526     647    1410
              640    1404     647     527     645    1401
              649     528     646    1404     653     521
              645    1404     647    1406     646   10616
             1070     527     647     525     644    1413
              641    1403     647     528     645    1403
              646     528     644    1407     645     529
              645    1404     646    1405     647

          name KEY_OK
             1066     491     683    1075     682     488
              683     794     677    1075     683     487
              685     491     683    1367     683     783
              684     491     682    1375     676   12330
             1106     489     685    1075     682     491
              683     794     672    1077     680     492
              685     486     685    1369     682     786
              681     489     684    1372     679

          name KEY_UP
             1099     525     647    1079     681     488
              681     790     680    1073     685     489
              703     476     677     789     698     767
              695    1062     687    1369     679   12334
             1101     492     682    1084     673     490
              685     785     680    1074     677     498
              680     494     686     777     689     777
              689    1076     683    1364     685

          name KEY_DOWN
             1095     495     678    1077     681     494
              626     840     681    1077     681     491
              678     502     672     788     682    1078
              678    1087     673     494     680   12920
             1093     502     677    1079     617     559
              687     784     673    1079     620     554
              682     494     679     787     680    1079
              616    1146     614     555     679

          name KEY_LEFT
             1063     528     587    1171     651     523
              587     880     646    1110     587     586
              586     589     647    1119     639    1404
              649     817     644     821     588   12426
             1070     532     641    1112     643     531
              649     816     651    1108     588     585
              588     586     649    1109     589    1462
              648     818     589     878     648

          name KEY_RIGHT
             1097     494     682    1133     627     490
              683     782     683    1076     682     513
              663     490     683    1367     691     483
              682     492     682    1075     689   12911
             1105     492     681    1077     683     489
              683     785     681    1075     686     489
              681     493     685    1365     697     490
              670     492     682    1073     688

          name KEY_HOME
             1066     493     698    1060     679     496
              678     785     700    1065     691     477
              696     480     696    1061     696     476
              699     766     701    1059     699   12897
             1104     496     680    1077     697     480
              696     766     698    1058     702     475
              697     476     697    1062     698     475
              700     767     695    1065     700

          name KEY_BACK
             1095     498     681    1074     684     492
              682     783     683    1075     684     488
              686     489     682     784     685    1369
              679    1077     683     790     677   12337
             1098     527     648    1072     686     491
              682     782     685    1081     676     491
              683     495     676     787     681    1367
              684    1080     679     785     683

          name KEY_MENU
             1027     561     615    1145     615     555
              617     851     674    1080     616     555
              677     500     677     789     619     556
              626    1131     680    1081     617   12982
             1038     559     615    1147     613     555
              618     847     677    1082     618     556
              618     556     669     798     617     558
              622    1136     616    1144     614

          name KEY_VOLUMEUP
             1091     494     683    1077     682     500
              674     784     682    1073     685     491
              680     495     681    1423     627    1075
              692     485     681     491     681   12917
             1108     491     683    1072     686     496
              676     785     682    1075     683     489
              685     492     681    1367     685    1076
              689     482     685     492     681

          name KEY_VOLUMEDOWN
             1009     578     595    1170     632     539
              590     878     644    1114     642     529
              589     586     590    1459     592    1463
              587     584     590     879     589   12426
             1061     531     649    1110     639     534
              591     874     687    1074     636     530
              692     520     608    1411     641    1458
              641     481     693     775     689

      end raw_codes

end remote
