# Automatically generated LIRC file
#
# Creating tool: IrScrutinizer version 1.1.0
# Creating user: pi
# CreateDate: Fri Sep 05 01:03:56 CST 2014
#
#
# brand:                       haier
# model no. of remote control: YR-W02
# devices being controlled by this remote:
#

begin remote
	name	Haier_YR-W02
	flags	RAW_CODES
	eps	30
	aeps	100
	frequency	38029
	gap	99924
		begin raw_codes

			name SMART_ON
     3120     2980     3072     4416      622     1594
      704      381      564     1652      547      530
      614      498      614     1581      607     1578
      611      539      572     1584      605      492
      618      495      550      533      608      498
      615      466      575     1633      557      533
      612      522      593      466      573      526
      616      495      616      470      574      533
      622      485      547      532      640      473
      613      494      544      537      614      493
      633      486      541      531      616      469
      579      528      694      413      658     1534
      570      538      615      500      512      559
      616      495      610      497      612      471
      611     1582      611      495      611     1580
      620      491      609      472      537      574
      564      520      528      570      622      492
      607      470      536      573      614      505
      602      472      582      569      573      469
      531      568      614      496      609      476
      536      572      614      509      592      479
      565      539      659      429      589      514
      572      530      622      467      613      493
      566      548      552      521      619      492
      608      486      573      525      615     1578
      621      479      619      498      543      550
      598      496      567      544      563      519
      565      541      544      535      566      581
      602      469      504      587      602      524
      612      474      590      485      570      538
      555      531      565      543      609      535
      549      493      615      505      620      478
      622      460      614      491      547      539
      614      494      566      553      533      537
      615      498      567     1625      560     1628
      622      486      607     1578      657      455
      564      543      590      485      612     1635
      524     1638      615     1581      659      448
      618

			name SMART_OFF
     3128     2964     3107     4386      593     1604
      610      491      593     1616      581      528
      500      547      620     1653      479     1715
      474      607      574     1562      557      551
      629      477      609      478      551      549
      616      490      654      459      616      476
      605      472      566      547      603      571
      545      492      520      568      596      531
      576      501      651      439      653      424
      554      560      602      504      608      471
      560      556      599      522      587      467
      614      511      595      477      579      543
      595      549      567      480      543      600
      560      549      500      532      556      602
      558     1640      500      597      507     1654
      537      570      536      563      521      603
      504      541      543      606      502      607
      541      524      522      549      601      556
      511      522      639      484      542      562
      557      519      552      566      574      490
      561      563      560      588      504      550
      534      622      511      496      564      599
      500      632      482      542      539      603
      503      606      532      530      534      543
      550      526      558      608      542     1602
      548      621      488      562      548      529
      567      589      501      605      529      554
      504      607      500      535      547      666
      446      607      511      513      555      608
      502      605      505      589      494      601
      504      527      555      609      499      610
      596      429      554      554      588      582
      491      551      640      502      595      427
      655      466      657      495      542      482
      703      468      496     1640      658      503
      603     1562      627      435      646     1590
      605      485      619      507      602     1533
      662      500      604     1540      650     1594
      593

			name SMART_ON_27
     3063     3037     3099     4370      591     1619
      609      474      593     1623      627      453
      598      513      595     1596      594     1591
      597      513      595     1604      607      495
      595     1599      594     1613      601      484
      598      514      593     1593      596      512
      596      488      596      542      566      507
      554      537      589      515      591      517
      555      524      597      512      601      477
      612      501      592      515      589      551
      540      509      599      518      548     1649
      547      521      598      513      593     1595
      595      517      589      515      553      529
      589      519      613      470      605      501
      593     1599      617      493      658     1525
      605      513      610      500      546      529
      595      492      575      526      630      483
      614      494      549      528      594      562
      572      463      574      533      596      517
      545      531      594      513      612      502
      544      530      596      524      604      476
      577      524      598      512      558      524
      592      517      628      455      616      492
      593      518      608      492      511      574
      595      539      524      534      590      522
      654      427      569      530      612      506
      608      472      577      541      586      489
      578      523      606      505      610      466
      591      520      597      523      602      473
      573      537      586      494      530      604
      564      518      603      473      581      530
      593      530      617      453      613      491
      593      495      568      542      591      560
      558      471      617      514      576      513
      610      472      589     1631      628      448
      598     1593      597      510      593      493
      592     1638      549     1625      599     1620
      566     1591      535     1656      581     1638
      613

			name SMART_OFF_27
     3010     3096     3006     4462      523     1693
      522      551      529     1693      528      575
      506      599      510     1682      555     1612
      529      583      528     1656      529      635
      473     1664      578     1641      615      469
      626      498      508      579      545      536
      545      575      535      540      548      559
      525      589      516      553      553      564
      529      550      551      578      510      602
      502      579      534      573      507      586
      519      558      551      560      561     1622
      584      547      504      581      532      573
      550      545      517      576      576      514
      575      553      541      573      532      542
      505     1687      578      527      508     1665
      584      530      521      549      641      491
      567      513      569      541      679      435
      500      574      577      537      561      545
      504      576      563      534      577      529
      554      528      582      542      504      554
      588      542      538      573      504      577
      568      541      629      450      607      503
      604      494      547      544      566      542
      552      560      504      544      568      572
      579      533      504      573      575      529
      523      565      531      593      518      554
      525      547      606      513      553      551
      530      555      552      573      497      565
      601      511      553      576      558      555
      502      575      531      556      573      513
      550      572      506      545      613      515
      547      576      479      595      541      575
      534      549      551      581      510      600
      453      582      599      520      549      561
      491      572      559     1633      553      579
      574     1600      552     1624      563     1633
      559     1665      546     1637      655     1529
      656     1572      523      581      534     1628
      555

		end raw_codes
end remote
